types:2
size:90,90
data
id:0
weight:200
image
68,62,49,42,35,32,26,25,24,21,18,19,21,21,24,24,28,30,34,35,36,41,45,49,49,52,57,60,63,67,69,71,73,74,76,74,77,74,75,72,67,66,63,64,64,63,60,61,55,56,54,54,52,53,51,50,51,49,45,42,41,38,36,35,35,31,29,30,27,28,26,20,21,19,19,17,15,14,12,11,10,11,11,12,12,12,17,19,22,23,
68,63,51,40,36,32,24,25,24,19,18,25,22,24,25,25,29,33,34,36,39,48,49,54,58,59,66,69,71,77,81,82,85,86,83,83,85,84,83,84,83,79,77,77,74,71,69,69,67,66,63,62,61,63,57,59,57,56,52,50,45,43,40,39,38,35,35,34,31,29,29,26,23,21,19,16,16,15,14,13,11,12,13,14,13,13,17,16,22,22,
68,60,45,37,31,29,25,24,22,23,22,24,21,24,26,30,30,34,39,40,47,50,54,60,65,70,76,81,83,90,93,92,97,95,95,96,95,95,96,92,91,90,86,85,81,77,78,73,73,73,73,67,67,66,63,65,64,62,58,58,51,51,47,44,40,38,37,36,36,33,29,29,28,23,22,19,18,15,16,13,13,14,14,12,13,13,16,16,19,20,
69,51,44,35,31,24,25,26,21,24,22,24,24,26,29,31,35,37,43,47,54,58,62,70,75,81,87,90,96,99,103,107,107,105,106,105,107,104,105,102,99,96,97,93,92,89,86,84,84,82,78,78,73,69,72,71,69,65,65,62,59,58,55,51,48,46,43,42,38,35,33,32,31,27,23,24,20,18,16,14,14,12,12,11,11,13,15,17,18,19,
66,49,43,35,32,26,26,25,22,21,23,24,26,27,31,36,40,44,47,54,62,68,71,80,86,91,96,102,107,115,117,116,116,117,113,115,114,112,111,109,108,104,99,99,99,98,92,90,89,87,85,84,81,81,77,75,76,73,69,68,66,62,61,57,51,52,48,48,41,40,39,35,34,32,26,22,22,21,17,16,14,14,13,13,14,12,14,17,19,20,
59,50,43,34,30,23,23,20,21,23,20,24,26,27,31,39,41,45,53,59,65,69,79,88,96,97,102,108,115,121,124,124,124,125,120,122,119,119,117,116,113,108,105,106,106,102,99,98,95,94,92,91,90,88,83,80,80,78,77,73,70,68,65,64,59,55,53,50,47,43,41,38,35,31,28,26,23,21,20,15,17,15,13,14,12,16,16,17,18,20,
57,48,42,33,28,24,22,23,23,21,21,24,27,29,35,41,44,50,61,63,69,81,90,96,98,104,110,116,121,126,128,130,131,129,129,126,126,126,125,122,119,119,114,112,109,107,105,103,99,97,96,95,94,92,89,89,87,84,81,79,76,76,70,70,64,61,59,53,52,47,41,41,36,31,30,28,27,23,20,17,18,15,15,13,12,14,15,16,18,21,
54,45,40,36,29,27,23,21,20,21,23,22,26,30,36,43,48,55,67,71,77,89,93,97,104,111,117,121,128,129,131,135,135,133,133,133,134,133,130,126,123,123,121,116,115,112,111,108,105,103,100,97,98,96,96,92,90,88,85,83,81,80,76,70,69,64,61,57,54,48,48,45,39,34,33,31,27,24,21,19,19,15,15,16,13,12,16,17,18,19,
56,43,38,33,27,23,22,20,22,20,20,23,28,33,40,44,53,61,69,80,83,93,97,101,110,115,119,127,132,133,135,134,138,138,138,138,138,135,134,129,127,125,122,122,120,117,115,113,111,108,105,101,101,101,99,96,92,92,89,88,84,83,81,78,74,71,65,61,58,53,50,47,45,37,34,32,29,26,21,20,17,14,14,15,16,14,11,16,16,18,
56,47,39,33,29,24,20,23,20,19,23,23,29,37,44,47,57,66,76,85,89,102,102,108,116,119,122,132,135,135,135,138,140,141,143,142,140,140,135,133,134,129,127,123,123,121,119,116,113,112,111,105,104,103,101,98,98,98,94,90,88,86,84,82,77,77,73,66,64,58,57,53,46,42,38,35,32,26,22,20,17,15,16,15,15,15,13,13,16,17,
59,47,39,33,26,23,21,21,19,21,24,26,30,36,45,53,63,71,80,90,97,104,113,116,119,122,125,132,135,137,140,142,141,144,141,141,144,139,137,136,135,130,128,125,127,124,123,119,118,116,114,110,108,107,107,104,105,103,101,100,92,89,86,85,80,79,76,73,66,62,58,57,52,46,39,36,31,27,23,22,19,16,16,17,16,13,14,13,16,20,
59,47,40,33,25,25,23,23,20,21,23,26,30,39,47,58,68,77,87,95,104,112,116,121,121,124,127,134,136,137,139,145,148,146,145,147,143,143,140,136,136,133,131,129,128,126,122,123,123,118,116,114,112,113,109,111,108,108,102,100,98,92,89,89,85,78,75,74,70,67,64,60,54,50,41,37,33,30,25,22,19,16,16,16,13,13,14,15,17,18,
59,46,39,32,26,24,23,20,21,24,25,27,31,41,48,62,70,81,95,102,111,112,119,123,122,127,133,135,139,140,142,145,146,148,148,148,147,143,142,138,137,135,135,137,133,131,126,125,125,119,119,121,120,119,115,114,111,110,106,104,101,95,91,88,89,86,82,78,74,73,69,65,59,50,45,40,33,32,28,20,19,17,17,15,15,15,16,15,17,18,
59,49,39,31,28,25,21,22,21,21,24,29,35,44,52,69,78,91,101,109,116,117,121,126,126,134,136,136,139,143,145,148,150,151,150,148,146,143,141,140,142,138,141,138,136,133,132,133,129,126,128,125,124,122,119,115,114,115,107,104,102,99,95,93,90,87,84,81,77,75,73,68,63,55,48,42,37,33,26,23,18,17,17,14,15,15,15,16,16,18,
59,49,40,32,27,23,22,22,19,21,29,30,35,43,59,72,87,97,105,111,115,121,125,127,133,133,136,138,142,143,148,149,151,152,150,150,149,148,146,145,144,141,143,140,139,136,136,134,131,130,132,129,127,125,123,119,117,117,113,108,105,102,101,96,94,91,88,85,80,78,75,70,67,60,51,45,40,32,29,25,21,18,17,17,16,14,15,16,18,20,
61,48,40,34,26,24,22,20,21,22,28,32,37,43,62,78,89,101,106,115,115,122,127,132,132,136,139,142,144,146,151,153,152,152,153,153,152,150,150,150,150,147,147,145,143,142,137,137,134,135,133,132,130,128,127,123,121,120,114,112,109,105,102,95,95,94,90,88,84,80,76,73,69,62,57,47,41,36,31,26,23,18,16,16,16,14,15,16,17,17,
61,48,39,32,27,23,23,24,24,22,26,31,36,48,65,81,91,102,111,116,122,127,131,137,138,138,140,142,146,148,151,154,154,156,159,156,153,153,153,152,151,151,148,149,146,143,142,141,140,139,136,133,134,131,131,128,126,122,120,118,112,110,105,99,98,92,91,89,85,82,79,74,72,65,60,50,43,39,32,27,23,21,16,16,12,16,16,16,17,17,
61,50,41,30,29,21,22,24,23,24,27,32,38,50,69,82,95,106,113,120,123,129,134,138,140,140,142,146,149,152,154,158,158,159,159,157,156,156,154,153,153,151,151,150,150,147,144,143,143,142,140,136,136,133,134,132,130,127,123,120,119,115,111,104,99,95,93,88,88,83,82,77,74,67,63,54,44,37,35,26,22,20,16,16,15,16,15,19,17,20,
59,52,40,33,29,24,23,22,20,27,24,29,40,54,72,90,99,107,116,122,126,135,138,142,145,145,147,149,152,154,157,159,161,161,161,161,160,158,155,155,153,154,151,151,150,149,147,147,144,143,142,140,138,134,133,134,131,130,127,124,121,117,114,108,106,99,94,93,88,87,85,81,75,68,63,57,48,40,36,27,24,21,18,15,15,16,15,16,19,20,
65,53,40,34,26,24,23,21,24,25,27,32,41,54,76,89,103,111,120,124,131,136,140,144,147,148,153,154,155,158,159,162,162,162,164,162,160,158,157,155,153,153,152,152,151,149,149,148,146,145,144,143,141,140,138,137,135,132,129,126,123,119,115,109,106,103,98,95,90,88,85,82,77,69,66,58,53,46,39,30,26,24,18,16,14,16,17,16,20,19,
66,53,40,30,25,25,23,21,23,24,28,33,39,58,74,93,105,115,123,129,134,138,143,146,148,151,153,154,159,160,160,162,164,164,163,161,160,159,158,156,154,154,154,152,150,149,150,149,149,146,146,145,143,140,139,138,137,134,128,126,122,117,113,109,106,104,101,96,93,89,85,84,80,73,69,65,56,49,42,35,25,24,19,16,16,18,17,15,20,22,
67,55,44,32,26,25,23,21,22,23,30,33,40,61,81,98,106,117,125,131,136,142,145,148,148,152,153,155,158,160,162,163,165,165,163,162,163,161,158,156,155,155,155,154,154,151,151,149,150,147,146,146,144,141,139,136,134,130,128,125,122,116,111,106,101,99,95,93,93,91,86,83,79,75,71,66,61,51,46,39,27,25,21,20,16,16,17,18,20,22,
68,58,46,33,26,22,20,23,20,26,30,33,42,65,86,98,109,121,128,133,136,140,144,146,147,150,153,154,156,160,160,161,161,163,162,161,161,159,158,156,153,153,155,154,150,150,149,148,149,146,144,138,138,137,136,132,129,123,120,116,112,104,101,96,94,91,88,84,83,84,87,80,80,75,75,69,64,57,49,43,32,25,21,22,19,18,18,19,21,24,
71,62,50,37,27,22,20,21,21,28,30,34,48,68,91,104,117,121,128,130,134,137,140,142,144,146,150,151,154,157,156,156,155,154,156,157,156,155,153,152,153,149,150,147,146,148,147,144,141,140,137,135,132,127,125,119,114,110,105,99,92,89,84,83,81,80,77,75,74,74,74,75,75,74,75,69,65,61,55,47,33,27,22,22,19,19,19,18,21,24,
73,62,55,38,30,24,19,20,23,26,29,33,48,73,96,107,115,123,127,125,127,130,128,131,129,132,135,137,137,139,141,139,140,139,141,141,144,146,147,145,146,144,145,141,142,143,139,137,138,136,127,124,122,113,108,99,94,87,82,75,71,67,64,62,63,61,60,61,61,62,65,66,68,72,71,73,68,65,57,49,40,28,21,22,20,18,18,18,18,22,
75,63,56,44,29,22,22,19,26,28,30,37,51,77,100,109,116,121,121,117,115,111,112,113,107,108,110,111,107,110,109,115,118,119,123,125,129,130,134,137,137,138,137,136,138,134,133,131,128,126,118,109,99,90,82,76,68,58,53,49,44,42,43,43,42,43,45,46,50,51,54,58,63,65,68,70,66,65,63,52,44,30,23,21,22,21,18,20,19,23,
74,65,57,46,34,22,23,19,23,29,31,40,55,83,102,112,116,113,109,101,97,91,92,91,91,89,82,81,84,79,79,84,84,88,94,103,111,118,123,126,129,131,131,130,128,128,125,121,117,112,102,88,78,70,60,51,48,41,36,35,35,33,31,36,35,35,37,38,42,44,47,51,54,60,67,67,67,63,62,57,46,33,24,20,21,21,21,22,23,21,
75,66,61,50,36,23,23,19,24,28,33,43,61,84,103,110,108,102,95,89,85,82,77,72,68,64,60,56,54,51,54,56,61,63,69,79,89,100,110,116,121,121,124,122,122,120,118,113,107,97,87,74,61,55,47,40,37,31,28,27,26,26,28,28,31,35,35,40,43,40,43,46,49,54,58,65,65,63,62,57,50,38,28,21,21,21,21,20,22,23,
78,69,60,49,40,27,22,21,24,30,32,47,62,86,104,102,101,91,86,79,71,69,69,63,59,54,47,45,43,38,37,38,40,43,49,57,67,78,92,102,109,112,119,118,116,114,112,105,97,86,73,62,55,44,38,32,30,27,27,23,26,28,28,31,33,35,37,40,45,45,45,46,49,52,55,58,64,64,62,58,51,40,29,23,21,21,21,19,22,25,
82,74,67,51,39,31,23,21,30,33,34,50,63,88,97,97,91,84,72,70,65,62,61,59,52,46,44,40,32,32,32,32,34,38,42,50,58,66,75,87,98,106,111,112,109,107,104,95,83,74,63,54,45,39,36,32,30,29,28,30,31,33,35,37,42,45,47,47,48,51,51,52,51,55,58,60,61,62,62,60,54,41,30,25,22,23,22,22,22,24,
85,78,69,58,43,34,26,25,32,34,35,51,67,87,92,91,84,79,73,66,66,65,66,63,56,52,47,40,38,34,31,30,33,32,37,37,47,57,66,74,89,101,107,108,109,103,99,92,81,71,59,48,46,42,41,37,34,30,30,32,35,38,41,42,44,47,49,53,57,59,57,59,59,60,61,62,61,64,63,61,56,42,33,26,23,22,22,23,23,24,
87,82,71,61,47,39,30,25,32,38,39,55,72,87,91,89,82,79,73,72,70,68,71,68,64,62,56,49,44,39,37,32,31,31,34,36,41,45,53,68,84,99,105,104,104,98,94,88,77,65,57,51,48,42,37,32,30,31,27,27,26,28,34,36,40,43,47,48,54,58,59,61,62,62,61,63,63,64,62,61,53,43,34,29,24,26,25,23,26,26,
88,81,72,61,51,42,34,29,30,38,45,56,72,88,90,89,84,78,79,78,79,79,76,71,64,62,57,52,48,40,35,33,32,31,33,36,37,43,52,61,79,97,104,108,106,99,91,85,75,65,58,52,47,38,34,30,28,22,19,22,24,23,25,26,29,34,37,43,46,49,54,60,61,66,65,65,66,64,65,62,58,46,36,31,28,28,24,24,28,30,
94,82,74,66,60,47,39,33,36,42,47,56,76,91,90,93,88,86,84,81,79,73,67,60,57,54,45,41,39,29,28,28,31,31,30,36,36,41,51,57,79,96,109,118,116,108,98,89,75,66,60,48,40,34,29,28,25,21,20,20,18,16,16,15,20,24,30,34,34,37,47,50,55,61,67,72,65,63,68,67,59,50,38,33,29,30,28,29,33,31,
96,85,78,68,60,55,47,38,38,46,51,58,78,88,94,100,95,92,84,77,66,53,48,47,42,36,29,25,20,15,15,20,23,26,28,32,35,40,50,64,85,102,122,132,128,121,110,98,82,66,58,47,37,33,28,23,21,24,22,22,20,13,12,17,18,24,27,34,34,37,42,48,52,59,67,70,70,71,69,68,60,53,40,36,33,31,30,31,35,34,
95,85,76,72,62,59,50,45,45,48,56,60,76,90,97,100,98,92,80,67,51,42,40,37,31,29,23,19,11,9,12,15,23,24,27,31,37,43,53,65,88,114,135,144,142,131,121,107,89,70,57,46,39,35,25,22,24,30,26,22,18,12,7,16,25,30,33,32,32,36,39,44,50,58,66,72,73,73,71,69,62,55,45,39,37,33,34,35,38,38,
97,89,80,76,73,62,56,49,48,55,62,68,78,91,102,101,97,93,79,57,50,45,36,32,36,35,26,19,9,8,12,20,31,33,32,32,35,53,62,78,100,121,141,150,147,137,127,109,91,73,56,50,40,34,28,27,25,38,37,35,28,22,17,23,37,43,42,38,40,40,45,50,55,59,67,76,73,75,74,74,66,60,48,42,38,36,38,40,42,45,
100,91,88,81,76,69,63,54,57,61,67,75,85,97,108,105,100,89,78,66,54,47,42,43,50,51,38,28,19,12,16,24,35,39,42,41,52,66,81,90,106,130,145,155,151,142,128,113,94,73,57,51,46,44,38,35,40,50,62,61,54,40,37,44,53,53,57,54,53,52,55,57,60,65,70,76,76,79,77,75,69,64,52,47,42,39,40,44,45,46,
102,94,91,84,78,76,67,60,58,66,71,77,89,104,111,114,105,92,85,73,61,60,66,64,73,78,64,49,35,34,38,48,58,56,55,61,74,86,96,101,116,135,145,156,152,141,130,116,96,74,60,54,51,53,50,50,60,67,71,71,69,64,62,65,68,70,72,71,68,64,62,64,68,71,79,80,79,79,79,76,73,67,57,51,44,45,42,46,51,51,
103,101,95,84,80,84,75,63,63,72,78,83,92,107,114,117,113,106,96,86,80,83,88,93,97,99,93,82,70,71,70,71,72,68,70,78,91,99,103,111,120,140,146,152,152,139,134,121,100,81,67,59,60,62,63,65,67,69,73,76,76,73,72,70,76,76,75,72,71,72,72,70,73,75,78,80,82,84,81,79,76,70,62,57,48,45,43,48,52,52,
102,102,98,89,84,83,79,71,66,71,79,86,96,113,121,126,119,114,112,106,107,109,109,104,107,101,100,97,88,79,72,70,70,65,70,81,93,108,118,122,131,138,143,154,150,140,133,121,104,86,71,66,68,70,70,74,75,76,76,77,76,74,76,74,76,75,75,76,78,79,83,81,84,83,85,85,86,87,81,82,78,72,65,61,52,47,45,50,49,54,
104,104,100,93,89,87,82,76,69,73,84,93,103,114,120,126,125,125,124,123,122,122,123,115,112,105,97,91,83,75,71,67,68,75,81,96,112,126,129,130,136,140,145,153,148,140,131,123,106,89,73,73,75,77,80,81,86,85,83,79,77,79,80,78,77,80,81,81,86,89,93,92,93,91,91,90,88,89,87,85,81,74,69,65,58,50,49,51,51,49,
107,104,100,98,94,92,86,82,77,75,89,99,106,117,125,125,130,134,133,130,129,126,125,122,115,106,97,88,81,78,77,80,80,90,98,115,131,135,131,133,136,141,148,153,148,139,131,119,109,92,81,76,74,81,88,91,94,99,97,91,89,88,87,86,87,87,90,91,93,97,98,100,100,99,99,96,94,96,89,88,80,75,71,69,61,51,49,54,51,50,
112,109,103,104,100,98,93,88,81,80,88,107,109,117,126,129,135,138,140,138,135,132,129,126,116,107,101,96,94,91,92,96,105,113,126,136,138,135,133,135,139,142,150,152,148,138,129,119,109,93,83,80,81,83,92,97,102,107,112,111,108,105,104,101,101,100,102,105,107,108,108,107,106,106,103,99,99,96,91,88,81,76,73,71,65,55,53,50,50,49,
115,116,110,105,104,100,98,95,89,92,96,109,110,119,125,131,137,138,142,140,141,139,137,132,129,123,121,121,118,119,120,125,130,136,141,142,142,137,135,139,139,145,147,151,144,138,129,117,110,96,85,82,81,83,94,101,108,111,117,117,120,121,122,122,119,121,120,117,118,116,115,117,114,109,104,104,101,97,93,90,83,76,72,72,64,60,54,52,51,51,
117,115,113,108,106,103,100,98,93,97,102,114,113,120,128,131,134,140,141,144,146,145,143,143,142,139,140,137,133,133,136,140,142,146,143,140,139,136,135,138,140,145,148,150,146,137,128,118,109,96,89,82,83,85,91,101,110,111,117,121,123,122,126,125,127,127,127,124,126,127,126,122,118,112,108,106,103,95,94,92,83,75,74,73,66,61,54,50,52,52,
117,115,113,113,110,108,102,103,97,102,109,120,117,117,128,130,135,139,143,147,147,149,150,152,150,148,147,147,145,141,143,145,146,146,144,141,142,137,138,140,143,146,148,150,145,136,129,119,112,101,92,85,85,88,92,97,106,117,121,124,129,128,130,131,132,131,130,130,129,128,125,122,117,110,111,108,104,95,94,91,82,76,73,73,68,63,57,53,58,58,
118,118,113,114,112,111,103,102,105,109,115,121,116,121,133,132,137,140,142,149,151,154,156,156,156,154,151,151,147,149,148,144,148,150,146,145,138,139,139,141,143,145,150,152,146,137,128,120,114,107,96,91,87,90,92,99,104,114,123,127,128,129,131,133,132,134,134,132,129,125,125,123,118,113,112,110,105,101,94,89,82,78,72,73,71,66,61,59,60,58,
120,121,115,115,117,114,110,104,106,112,114,119,118,122,130,132,138,140,142,147,150,155,156,158,154,155,153,151,151,149,148,149,148,145,145,140,136,136,138,142,143,147,150,151,148,138,130,123,114,106,97,90,86,84,88,92,102,107,115,126,129,131,133,133,135,133,132,131,130,129,124,123,122,118,113,110,105,98,93,89,83,78,72,72,72,66,65,64,64,59,
120,121,118,118,122,120,116,108,111,115,115,119,122,124,126,131,136,139,141,148,153,155,156,158,159,158,157,155,150,151,148,152,151,147,140,134,137,137,140,143,145,148,152,154,149,140,132,122,114,108,99,90,85,83,79,86,96,101,109,119,125,130,132,134,134,131,130,131,129,127,126,125,122,118,115,110,107,97,92,89,84,78,73,73,73,69,68,64,64,60,
122,125,125,122,121,124,119,119,121,117,116,121,120,125,124,129,135,139,145,146,148,155,158,158,158,158,158,154,154,152,150,148,143,136,131,129,132,137,141,144,147,149,154,152,153,141,132,124,115,108,97,90,83,86,84,83,88,90,98,112,120,125,130,130,131,132,133,129,130,128,125,121,121,118,113,109,104,97,93,88,84,77,76,76,73,71,70,70,67,68,
126,127,126,123,123,120,120,120,119,121,117,121,122,126,128,129,134,139,142,147,153,152,157,158,158,157,154,151,150,148,142,136,130,124,121,126,132,139,142,143,147,151,153,156,151,141,132,124,119,109,99,88,87,87,91,89,84,83,91,101,111,121,124,129,131,130,130,132,128,126,124,125,119,115,109,108,102,97,91,86,84,78,76,76,73,73,73,71,68,70,
126,125,126,121,123,123,123,124,121,120,120,122,123,127,126,130,134,136,141,145,149,153,155,155,155,155,151,148,146,140,129,123,121,112,113,121,129,139,143,142,144,146,153,152,148,137,130,125,115,108,101,92,87,90,94,90,83,79,81,90,101,109,118,128,130,130,131,130,128,126,122,121,118,112,108,105,98,95,89,83,82,80,77,78,74,73,72,76,72,78,
127,128,125,124,125,121,124,125,120,123,120,120,123,125,125,130,132,133,139,141,147,151,151,152,151,150,147,141,135,126,118,111,101,98,108,118,134,140,140,140,143,143,142,144,141,134,129,121,113,109,102,93,92,93,95,91,82,77,73,79,90,97,105,116,120,125,126,125,124,121,121,117,115,109,105,100,97,92,88,83,82,80,80,77,76,74,75,76,81,80,
127,127,128,125,123,121,124,124,123,122,121,124,124,123,125,126,131,135,138,138,144,146,147,149,149,148,143,135,127,116,105,94,89,94,108,123,138,137,131,131,131,132,134,131,130,125,118,116,110,102,95,91,90,91,91,85,77,73,68,72,77,88,94,103,111,116,119,121,119,117,116,113,110,106,101,97,93,90,87,85,83,80,76,77,77,78,79,80,82,82,
128,128,128,126,122,121,121,126,124,125,124,124,124,122,124,125,129,132,137,138,140,141,144,143,142,137,131,123,110,103,90,82,83,91,109,122,130,126,121,120,118,120,121,120,114,109,107,106,97,95,89,81,81,82,84,80,75,69,63,68,72,81,84,90,95,103,110,111,112,112,111,106,105,101,96,92,90,87,84,85,83,80,77,76,79,79,82,82,82,87,
127,127,127,128,125,122,121,124,126,122,122,122,122,120,122,122,125,128,132,136,138,137,139,138,136,130,120,113,98,86,80,75,79,91,110,118,114,110,103,102,101,102,104,100,97,92,93,91,85,77,73,69,68,70,73,69,70,65,60,59,68,75,79,86,87,93,98,102,106,106,104,100,97,95,94,91,90,87,85,83,83,81,79,79,78,78,82,81,86,94,
127,127,126,127,125,123,123,123,124,122,120,119,121,119,120,120,124,124,128,131,134,135,134,132,128,117,112,97,84,77,76,75,85,104,117,121,109,90,72,65,69,76,80,82,81,80,78,78,71,65,60,61,50,55,59,65,65,62,56,58,64,70,73,78,81,85,87,91,96,96,94,93,93,91,89,89,86,83,82,81,81,81,81,85,83,84,86,83,89,94,
127,127,126,125,125,125,124,126,123,122,118,118,120,118,118,118,121,121,123,126,128,130,129,124,118,108,95,82,73,75,73,81,93,110,122,121,106,79,60,47,47,55,63,68,69,66,65,66,59,58,54,50,41,45,49,55,55,57,52,57,60,70,68,72,76,78,80,82,84,86,88,86,87,87,86,85,83,82,81,82,79,81,82,84,86,85,90,89,91,94,
126,125,128,125,125,124,123,122,121,121,117,115,116,114,117,117,117,117,119,121,120,123,123,115,107,95,83,71,71,71,75,86,105,124,128,121,105,84,57,45,42,49,54,57,57,56,52,54,53,51,47,44,41,42,51,50,53,56,57,56,59,64,71,70,72,71,75,76,77,79,80,83,84,82,81,82,82,81,79,79,80,80,83,84,88,87,91,90,92,95,
127,126,125,125,123,123,121,122,121,117,120,118,117,113,113,116,116,115,114,115,116,118,113,102,96,81,75,73,71,70,79,90,117,129,132,128,115,93,71,55,48,49,51,55,48,47,48,49,46,43,44,43,46,46,48,50,53,52,58,58,59,62,68,68,65,66,67,72,74,75,74,79,80,80,80,80,79,80,79,78,77,81,85,86,90,90,89,91,92,98,
126,124,124,124,125,125,121,120,120,116,118,114,114,111,111,114,114,112,110,111,112,109,104,93,84,78,69,71,69,74,87,104,124,132,132,128,123,114,93,83,75,67,64,57,53,47,43,43,43,40,43,44,45,48,50,54,55,55,58,62,63,59,64,68,66,67,68,68,69,76,77,75,79,78,78,79,79,79,78,77,77,83,88,87,88,91,91,92,91,100,
125,125,122,123,124,124,123,120,120,115,114,112,114,109,109,113,111,112,108,106,106,105,97,87,79,71,71,70,72,80,97,115,123,131,133,132,129,124,116,108,97,89,83,65,58,51,45,41,40,43,42,47,49,52,55,56,58,63,65,63,63,63,62,63,67,67,67,68,70,73,73,77,79,77,79,76,81,80,78,79,78,83,88,88,89,91,91,95,99,103,
124,125,125,126,122,121,121,123,120,114,115,112,112,112,111,111,111,113,106,104,105,100,93,86,77,73,72,70,75,89,109,118,125,130,130,130,130,128,123,116,113,106,97,80,69,61,53,51,45,43,48,50,53,57,59,60,61,64,66,66,66,63,61,61,62,64,65,63,69,73,74,76,77,77,77,78,80,79,78,81,80,84,88,91,90,91,91,98,102,104,
124,124,124,126,124,124,119,119,118,117,114,115,113,110,109,112,111,113,108,104,102,98,89,85,79,76,73,70,80,94,104,114,120,125,127,127,124,125,121,122,123,117,107,97,83,76,69,63,57,57,56,56,58,60,61,64,64,66,65,62,65,66,63,59,59,59,65,63,69,69,73,75,78,76,77,79,81,78,82,81,82,84,89,92,91,89,93,97,100,103,
123,124,125,125,124,123,118,115,116,115,112,109,113,110,110,111,111,111,111,104,101,96,93,89,83,78,70,72,82,94,97,99,106,114,117,114,117,120,118,114,114,110,105,99,92,88,85,79,73,65,62,58,57,61,61,63,65,61,60,57,57,57,55,55,53,55,57,61,66,69,75,74,77,76,74,80,81,79,80,83,84,89,90,88,91,92,94,98,105,107,
123,122,125,125,124,123,118,115,116,115,112,109,111,111,110,111,111,110,107,103,99,98,94,93,88,75,73,77,82,85,85,87,89,94,98,101,99,98,100,100,98,96,96,90,91,88,83,79,75,71,66,59,59,60,58,58,58,55,53,52,45,47,46,49,51,50,52,56,68,71,75,77,77,77,76,80,80,79,79,84,86,89,90,90,90,93,94,97,106,111,
124,124,124,124,123,122,122,121,119,118,116,112,114,112,108,110,110,109,107,103,100,97,97,93,89,83,80,80,80,73,77,75,68,76,83,81,80,80,84,85,88,84,82,82,79,80,76,75,70,68,67,61,59,58,56,57,56,52,49,43,36,36,34,33,45,44,56,61,69,72,77,79,78,78,78,81,80,78,82,82,86,88,89,88,90,95,97,100,108,110,
125,124,123,121,121,120,120,119,120,118,117,113,112,108,108,108,108,108,108,106,103,98,99,94,92,90,86,87,82,78,71,66,60,63,63,67,72,75,77,73,74,72,72,71,69,67,66,66,66,66,64,58,57,60,58,54,53,45,41,37,32,26,27,36,39,50,55,63,69,74,81,80,76,78,78,81,80,78,80,81,84,88,88,88,94,95,101,103,111,113,
125,123,123,123,121,120,119,121,118,115,115,113,110,109,108,107,104,108,105,107,103,103,98,95,93,96,92,91,85,80,65,54,48,49,49,57,60,65,61,67,70,66,68,67,67,65,62,59,62,61,59,55,55,56,53,50,47,43,40,30,26,24,28,32,40,53,61,66,70,76,84,79,80,79,79,81,78,77,82,82,86,88,86,88,92,94,101,105,113,113,
124,123,123,122,122,122,122,120,118,119,115,115,115,113,110,108,107,107,105,103,102,103,104,99,98,97,97,94,86,82,69,59,51,46,43,43,51,52,58,62,67,70,71,72,70,70,65,61,61,65,63,59,59,59,53,47,45,42,36,31,25,25,26,36,46,58,65,68,73,81,82,81,80,80,80,78,76,78,80,84,86,88,86,90,94,96,101,105,113,114,
125,122,121,123,123,123,122,123,120,118,117,115,114,113,110,110,107,106,104,102,102,101,103,103,104,100,102,98,95,86,79,69,61,57,52,50,55,58,64,68,67,72,71,74,73,72,69,64,66,68,67,59,59,62,55,52,52,46,37,31,28,28,40,51,56,61,70,71,76,82,82,82,77,78,80,78,75,78,79,85,86,88,88,89,93,96,101,105,112,113,
126,122,123,122,121,120,121,121,121,118,117,118,117,114,111,111,109,105,103,102,100,101,103,101,102,104,103,101,97,93,82,76,80,72,69,67,76,84,84,88,82,86,85,91,89,83,80,77,74,79,74,67,65,65,64,59,56,49,40,37,41,46,52,59,63,69,74,76,77,82,81,80,78,77,80,75,76,80,82,86,88,90,86,90,94,98,101,106,110,115,
125,125,125,124,124,124,124,125,123,119,116,115,116,113,110,110,107,107,102,104,101,100,102,103,101,104,108,104,104,94,95,90,92,88,87,90,90,92,96,104,104,103,103,104,101,100,96,91,90,93,84,81,77,74,66,61,63,58,54,50,53,61,63,69,69,71,75,77,79,81,82,80,79,79,76,73,78,80,82,84,89,89,87,91,93,101,101,106,111,115,
126,126,125,125,125,123,124,124,121,120,117,117,116,113,112,109,107,106,102,100,99,97,98,103,102,104,106,105,105,106,106,107,108,105,104,99,102,103,106,108,106,110,108,109,110,104,99,97,97,95,89,85,82,78,80,72,67,64,64,65,69,70,71,74,74,76,74,77,82,80,79,78,78,76,74,74,77,79,79,85,87,87,89,90,94,101,100,106,107,113,
126,126,125,125,124,123,124,123,123,124,119,118,117,116,110,109,109,104,103,99,98,97,96,99,103,103,103,104,105,110,112,113,118,124,120,116,111,110,109,110,112,110,109,109,106,103,100,97,98,95,93,87,81,79,74,75,75,72,75,76,76,75,77,76,77,77,76,76,80,79,78,75,75,76,73,75,75,78,78,82,85,85,87,89,95,99,103,104,107,112,
126,126,125,126,124,123,124,124,122,124,122,117,116,118,110,110,106,107,102,99,97,95,92,95,99,102,104,106,108,111,114,122,124,126,127,123,119,115,110,109,109,110,106,107,105,101,96,96,96,88,82,83,81,81,82,81,78,79,82,83,81,80,82,80,78,77,78,77,76,77,75,75,75,74,73,75,77,77,78,83,84,85,86,91,94,97,101,104,108,112,
126,126,125,125,125,125,124,124,122,124,123,119,116,119,115,109,108,107,103,100,98,92,94,91,95,103,105,104,107,110,116,125,129,129,128,126,122,125,117,111,104,105,101,99,97,91,90,89,87,86,85,86,86,87,85,85,82,82,81,80,81,83,83,82,79,80,75,76,77,76,76,73,75,72,73,75,76,75,79,81,81,82,89,91,94,94,98,102,103,110,
126,125,125,125,125,126,126,125,124,124,123,121,118,115,117,110,109,105,105,97,97,94,93,94,93,98,104,103,105,111,114,123,129,128,129,127,123,121,118,111,107,106,97,88,85,86,86,87,85,84,84,84,85,84,87,83,84,83,80,81,82,83,82,81,81,78,76,74,76,76,76,74,74,72,74,76,75,76,78,79,80,82,88,90,94,93,95,98,100,106,
126,126,124,124,125,124,124,126,123,123,121,123,120,115,116,112,109,106,104,101,97,96,93,91,91,94,99,103,105,110,115,121,127,130,131,127,124,120,115,110,107,98,91,90,85,83,81,82,82,79,77,80,82,84,86,83,86,82,81,83,86,84,82,80,78,76,74,73,76,75,74,73,72,71,72,73,74,75,77,80,81,83,85,87,89,91,93,97,97,99,
126,125,125,125,125,125,125,126,123,124,122,121,121,116,114,115,108,108,102,101,96,94,95,94,90,89,93,100,103,106,113,119,122,128,130,128,124,119,115,108,105,103,95,89,84,79,78,75,75,75,74,78,80,83,85,84,85,82,86,85,85,83,81,81,76,74,73,72,74,76,74,72,68,72,71,73,73,76,79,80,80,82,84,85,85,86,89,90,90,96,
124,124,125,124,124,125,126,124,125,124,124,123,122,116,115,114,109,106,104,102,98,94,95,91,94,89,90,97,106,105,109,113,121,127,129,129,125,122,120,113,105,97,93,85,83,76,77,75,69,69,71,77,78,81,85,86,84,86,85,85,83,85,84,80,77,74,72,69,73,73,73,70,70,72,72,72,71,73,78,76,80,79,83,84,86,83,82,83,91,93,
124,124,126,124,124,124,125,124,125,124,125,125,123,119,117,115,109,107,103,101,100,96,91,93,92,92,90,92,97,105,109,112,117,121,126,128,127,123,121,114,106,102,97,89,85,79,76,74,75,75,74,77,77,84,84,87,88,87,88,86,85,84,80,82,78,74,73,73,74,72,70,68,71,71,71,71,70,74,76,76,78,77,79,81,85,84,84,82,87,92,
125,125,125,126,124,123,124,122,125,125,124,124,124,121,116,114,114,109,103,102,101,98,94,93,92,92,91,92,93,101,108,112,115,119,123,124,124,123,122,117,111,105,101,98,95,86,84,81,79,76,80,80,84,86,87,89,90,88,89,87,85,83,80,79,76,75,73,73,73,70,68,68,69,70,70,69,69,72,73,74,72,72,77,77,80,78,81,82,85,89,
124,124,125,126,123,124,123,123,125,125,125,124,124,123,118,116,112,111,107,101,101,101,97,94,90,93,93,93,93,93,102,109,113,120,121,123,124,123,122,118,116,110,103,99,92,89,87,83,84,84,85,85,88,88,90,91,93,91,88,87,85,84,81,78,76,75,72,71,71,69,68,69,71,68,67,68,71,70,69,72,70,66,71,73,74,74,78,78,83,87,
125,125,124,123,124,123,123,123,125,124,125,123,122,124,120,117,112,113,108,106,101,102,100,97,92,90,91,92,95,93,97,107,110,114,118,123,124,124,121,121,117,110,108,104,96,94,93,87,87,89,88,89,89,90,92,93,95,89,87,87,86,81,78,77,74,73,70,71,70,67,68,69,69,66,66,69,69,68,68,69,67,63,68,67,67,69,71,73,78,84,
123,125,124,123,123,124,121,123,124,125,124,123,123,124,122,118,117,112,109,107,103,101,102,97,96,92,86,92,94,93,93,99,105,109,115,122,124,122,121,123,120,117,112,108,103,101,99,97,94,93,93,91,95,94,95,92,88,89,87,85,83,79,74,73,72,71,69,67,66,67,68,66,66,64,66,69,69,68,65,67,64,66,66,63,63,65,64,67,72,76,
123,122,122,123,123,123,122,123,123,124,123,124,123,124,123,118,117,113,110,108,106,100,101,101,97,97,90,88,90,91,94,94,98,107,110,117,119,124,123,122,122,119,118,112,108,106,104,102,99,98,96,97,96,96,92,91,90,89,87,86,83,76,74,73,68,68,67,67,65,66,67,64,63,65,69,68,68,66,65,62,61,62,62,59,61,61,60,63,67,71,
122,122,122,123,124,122,123,122,122,123,123,123,124,122,119,117,115,115,112,108,106,104,100,99,99,96,93,89,86,90,93,93,94,102,105,111,116,117,120,119,118,120,115,112,110,107,106,102,102,99,97,95,94,94,92,91,89,89,86,83,76,75,72,69,66,67,65,65,65,63,62,62,62,67,67,66,65,65,64,61,59,58,55,56,56,57,58,61,66,70,
121,123,122,122,123,123,123,122,122,123,124,122,124,121,119,119,117,117,113,109,107,105,103,98,98,100,93,90,88,86,89,92,92,95,101,106,110,112,116,116,116,115,112,111,107,107,106,101,101,99,97,93,90,90,90,86,87,86,82,78,75,72,70,67,64,65,62,63,63,61,61,61,64,66,64,64,62,62,62,59,56,54,55,54,55,56,56,58,62,67,

id:1
weight:200
image
84,74,69,59,53,44,41,36,37,34,34,34,31,34,34,37,35,37,36,37,41,44,48,55,58,67,67,73,76,81,89,93,97,101,99,102,102,104,106,106,105,105,106,105,104,103,102,102,105,101,102,98,97,91,91,88,86,79,77,74,63,59,54,44,43,38,34,31,29,28,27,26,24,27,26,26,26,26,26,27,25,25,25,25,29,31,33,34,34,37,
80,73,65,54,48,43,36,36,39,34,31,31,34,35,33,35,33,37,38,40,43,47,56,60,63,69,72,82,87,93,95,100,105,107,109,111,107,112,114,115,115,112,109,111,111,110,111,109,106,109,107,106,104,101,101,95,91,86,82,80,72,65,60,49,46,40,36,35,33,30,27,26,26,27,28,27,26,26,26,26,25,23,24,26,26,31,32,32,35,37,
76,69,59,50,46,40,33,37,34,33,33,32,33,34,34,34,35,39,40,40,46,52,59,66,70,77,84,90,98,99,105,112,112,116,119,118,118,123,120,121,121,119,118,119,118,120,117,115,115,113,110,109,107,105,106,102,99,93,90,84,76,67,63,55,50,43,40,38,34,33,30,29,26,27,30,28,28,26,25,25,27,24,26,27,25,26,29,30,33,35,
74,66,53,48,45,35,33,36,33,32,32,34,33,33,33,33,36,37,40,40,49,54,64,68,77,86,89,98,108,110,116,122,123,123,126,126,130,128,129,129,128,125,127,127,123,125,120,120,120,119,114,113,112,112,111,105,100,97,95,90,83,73,70,61,53,51,43,39,38,34,32,29,27,27,28,28,26,26,23,25,26,26,24,26,26,25,28,30,29,32,
68,59,52,45,38,36,34,33,34,33,33,30,30,36,33,35,36,37,39,49,55,60,66,75,86,90,97,107,113,120,125,128,130,129,135,137,139,136,135,136,136,133,133,131,128,130,125,124,125,124,122,120,117,116,112,109,108,105,98,95,89,78,75,66,61,51,48,42,39,36,31,30,27,26,28,29,29,27,25,26,25,24,23,25,25,24,27,31,30,31,
65,58,50,42,35,36,33,34,33,31,30,27,32,35,32,35,35,36,43,51,59,68,75,84,93,98,107,114,123,124,132,134,134,136,139,145,142,141,142,142,140,137,135,133,134,133,128,129,127,127,126,124,117,118,117,112,109,110,103,99,92,85,79,75,68,59,52,45,42,37,35,31,31,28,27,30,27,27,25,24,25,24,25,26,26,25,27,25,29,30,
59,54,46,42,37,32,32,32,30,33,29,26,32,32,34,36,34,40,46,56,64,73,79,90,100,105,113,120,128,132,135,136,139,141,144,146,145,145,145,144,141,141,139,137,136,134,132,131,131,131,125,125,121,121,121,116,112,110,104,101,96,90,82,81,70,65,59,52,45,42,37,31,32,29,29,31,30,28,25,25,23,24,24,24,24,25,26,26,29,30,
58,51,44,35,33,32,32,29,29,28,27,31,32,34,34,36,37,39,49,61,69,77,87,96,103,109,117,125,131,137,135,138,140,143,147,146,148,146,147,142,144,142,142,139,140,136,133,133,133,131,129,127,124,122,120,118,114,111,108,106,99,91,87,83,75,70,62,53,49,46,38,31,32,29,29,29,30,27,29,27,26,24,22,24,24,25,26,24,26,30,
56,49,40,33,34,31,29,30,31,30,28,31,31,33,34,37,39,41,52,67,75,85,92,101,108,111,120,128,133,137,139,139,145,146,146,149,148,150,146,146,143,144,139,139,138,139,135,136,132,131,131,127,127,122,121,117,116,114,110,108,102,95,91,83,79,73,68,62,56,46,42,33,32,28,28,29,31,28,28,26,24,25,25,24,23,24,26,26,26,29,
54,46,37,34,30,28,29,30,30,29,29,29,33,32,37,36,37,45,56,72,80,88,98,101,110,114,123,128,133,136,139,145,146,149,145,146,150,149,149,147,147,142,142,140,141,139,138,137,133,133,132,129,128,121,121,120,117,115,111,108,104,100,96,87,82,77,72,68,59,53,44,38,33,30,29,29,30,29,27,27,26,26,26,25,24,25,26,26,26,28,
49,42,35,30,29,27,30,30,28,29,29,30,31,33,33,35,40,52,64,74,84,89,96,108,115,117,121,126,132,135,141,144,148,148,145,146,146,149,147,148,148,144,140,143,140,140,140,137,135,132,133,129,125,125,121,118,119,117,113,110,106,102,97,90,84,81,75,71,63,58,51,42,35,34,31,30,31,31,27,27,28,28,25,26,26,26,26,27,26,27,
49,42,34,28,27,26,28,29,27,26,30,28,31,31,36,37,43,54,67,76,85,91,100,111,114,115,122,127,131,135,141,146,148,146,147,147,144,148,147,147,144,143,143,139,140,139,142,137,135,132,131,131,128,125,123,121,118,115,113,112,108,106,100,94,87,84,82,74,67,61,53,48,40,36,33,31,31,31,29,25,26,25,24,26,24,26,25,26,28,28,
46,39,32,29,29,27,26,28,25,25,26,29,31,33,36,37,47,59,68,79,91,94,106,113,119,120,124,128,132,139,144,145,146,144,145,145,145,145,144,140,142,142,141,140,139,139,139,138,136,132,131,130,127,126,124,123,120,117,116,111,108,105,103,95,91,84,83,78,73,69,56,54,45,38,34,31,30,31,28,27,26,24,25,25,23,24,24,24,26,27,
43,33,31,30,27,26,26,27,24,26,23,28,30,32,35,37,50,62,71,83,92,99,105,113,118,123,126,128,135,138,140,142,143,145,145,145,147,144,143,139,140,141,141,140,140,139,139,138,136,132,132,131,127,128,125,123,120,117,116,116,109,106,102,98,95,89,84,84,78,73,65,56,49,40,37,30,31,31,30,28,26,25,24,25,24,23,23,22,23,24,
39,32,30,28,27,25,25,25,25,24,23,26,31,31,34,40,51,63,75,83,95,101,105,113,121,123,131,133,138,139,140,144,142,145,145,144,146,143,143,142,141,143,141,143,141,138,138,138,137,135,133,129,129,129,126,125,120,117,115,115,111,108,105,101,96,91,88,84,81,78,72,64,53,44,39,36,31,31,30,28,25,25,25,25,24,23,22,23,23,23,
38,30,29,27,25,25,25,25,24,22,25,28,29,32,33,45,55,70,77,89,97,105,110,114,120,125,133,134,138,140,141,142,145,148,144,145,146,144,145,142,142,143,143,143,142,140,140,137,138,135,134,131,129,130,127,127,124,121,119,116,114,109,107,105,95,95,91,86,84,81,76,70,58,50,43,38,33,30,29,27,25,24,24,22,23,21,22,22,22,25,
35,28,27,26,24,26,27,24,24,22,24,28,28,31,34,47,56,72,80,90,99,108,114,118,124,127,133,136,139,140,142,143,148,150,146,149,146,147,144,144,142,144,142,143,143,142,141,140,138,138,136,132,133,132,128,128,125,122,122,119,115,111,109,104,99,97,92,88,87,82,79,73,64,54,47,41,38,32,27,27,24,24,22,23,20,22,24,23,22,24,
30,27,27,25,23,26,25,24,26,22,26,28,29,33,36,47,59,73,83,91,100,108,115,120,126,128,135,138,141,142,145,146,148,152,150,151,148,148,144,145,143,143,142,143,143,143,142,141,138,138,137,133,132,132,131,126,125,123,122,121,117,114,113,105,103,98,93,91,88,86,80,74,66,58,50,44,36,32,31,29,25,24,23,23,21,23,21,24,23,24,
31,26,25,25,23,24,24,22,24,22,25,26,27,33,41,49,60,73,82,96,107,113,118,125,125,132,137,142,143,145,148,147,151,154,152,152,149,148,145,146,144,143,143,145,144,145,145,144,141,140,136,134,135,136,133,131,129,127,124,123,119,115,114,110,106,100,96,92,89,87,83,76,71,61,53,46,38,35,31,26,26,23,22,21,22,21,21,22,22,24,
30,30,25,23,23,23,22,23,22,23,24,27,27,34,43,52,64,74,89,102,109,113,118,125,128,136,139,145,145,148,149,150,155,159,156,152,148,145,147,148,146,145,143,145,147,145,146,145,143,141,138,139,140,140,137,132,127,127,124,123,120,117,115,113,107,103,100,97,92,90,85,79,72,65,58,46,39,37,29,26,25,24,23,22,20,22,20,22,23,23,
30,27,25,24,23,22,22,23,23,22,23,25,30,36,43,55,66,77,94,101,111,118,124,130,134,137,139,142,149,150,152,157,157,158,156,152,151,150,149,147,147,144,144,147,148,144,144,146,143,142,140,140,139,138,136,133,128,125,124,123,121,113,113,110,106,103,101,96,91,91,90,80,75,70,62,52,42,39,33,27,23,23,22,22,19,19,20,21,22,21,
29,27,24,24,22,22,22,20,22,22,21,28,29,34,43,55,70,86,95,104,112,118,124,130,130,136,140,141,145,148,152,154,151,155,155,153,151,151,149,149,150,146,144,147,147,144,143,145,143,142,140,139,137,136,135,130,130,124,118,115,116,112,109,108,108,102,99,96,93,91,88,84,78,72,66,55,45,40,37,28,25,24,22,18,20,19,22,22,20,21,
28,27,24,24,22,22,22,22,20,21,23,30,29,37,46,58,74,88,97,103,113,119,124,128,132,136,138,138,143,146,148,152,149,152,151,150,150,148,148,147,148,147,146,148,144,142,142,143,141,140,139,134,134,134,132,125,125,117,116,111,108,105,99,96,96,93,87,85,83,88,84,84,79,75,67,58,50,40,38,33,26,23,24,20,19,19,20,22,21,23,
25,25,24,25,21,22,21,21,22,21,25,30,32,38,51,63,77,86,99,109,115,123,126,129,134,134,133,136,142,143,144,143,144,144,146,144,145,146,145,146,145,147,144,145,145,144,142,140,139,138,136,134,132,131,125,122,120,112,101,96,91,86,84,78,74,75,79,77,79,82,80,80,76,76,68,58,53,44,40,32,28,23,24,21,20,20,19,21,20,22,
28,26,24,21,22,20,23,23,22,22,24,27,33,41,57,69,79,94,102,110,116,121,127,127,127,130,129,128,130,131,135,133,133,137,136,137,138,142,142,143,141,144,143,144,143,142,141,139,138,136,131,128,127,121,117,109,97,86,80,76,73,73,70,71,70,72,73,75,75,73,73,72,73,70,64,63,55,47,39,33,28,25,23,20,20,22,20,19,18,21,
27,25,22,23,22,21,23,20,21,22,21,28,36,44,62,71,85,97,105,110,117,115,115,117,115,114,112,109,108,112,114,114,117,120,127,128,130,135,137,139,138,138,140,142,143,143,138,135,136,130,124,120,114,107,100,90,79,73,66,65,63,58,57,59,61,66,69,68,71,69,75,70,68,67,66,65,57,49,42,38,30,26,23,22,21,21,18,18,20,20,
24,22,22,22,20,22,22,20,20,22,24,29,40,49,65,74,92,101,104,104,108,106,104,101,96,95,90,88,87,87,84,90,94,97,105,113,119,125,129,133,136,139,138,141,140,140,136,135,128,122,117,109,99,92,82,74,66,61,55,54,56,55,58,60,63,64,67,68,70,71,70,71,70,66,65,62,59,51,46,40,31,29,24,23,20,20,17,17,19,20,
25,22,22,20,20,23,21,20,21,20,26,30,41,54,67,82,94,96,99,98,97,100,96,92,85,77,71,68,66,65,68,68,73,75,83,89,100,110,122,130,132,134,139,139,139,138,137,131,124,115,106,97,90,80,70,62,57,52,52,51,51,53,55,57,62,66,66,72,75,74,76,77,74,71,69,64,59,54,47,44,35,29,24,20,20,18,19,17,19,19,
23,24,23,19,18,21,19,22,19,20,25,33,45,57,72,83,86,91,93,95,95,97,94,92,89,81,74,69,64,62,59,58,62,68,70,75,87,99,111,119,126,132,134,140,138,137,132,127,117,107,97,88,81,71,63,55,53,49,50,51,51,54,55,58,64,73,73,81,79,77,81,78,76,76,75,69,63,56,50,46,40,30,25,22,19,17,17,16,19,19,
25,24,22,20,20,19,21,22,18,21,26,35,47,60,73,82,85,87,92,94,97,99,97,97,93,88,86,79,71,67,62,61,61,64,68,73,78,91,98,108,119,129,131,137,138,136,128,120,110,103,90,83,78,67,61,57,52,53,50,49,50,55,60,66,70,77,80,82,84,83,87,83,82,78,78,74,68,61,51,49,41,37,30,23,18,17,17,15,17,20,
25,22,22,21,21,20,22,22,19,23,26,36,50,66,72,83,89,89,96,99,102,102,101,100,98,91,84,79,75,72,70,67,63,62,64,69,76,87,99,104,115,129,133,137,137,134,127,116,108,100,87,83,76,68,61,58,54,50,50,51,53,60,62,63,68,69,74,76,80,81,82,84,81,79,81,77,71,64,54,51,45,36,31,26,21,18,17,17,17,17,
22,21,19,20,23,20,22,23,20,21,25,40,55,66,78,87,91,94,99,105,107,106,104,97,93,91,87,83,77,70,64,65,62,65,66,67,74,82,94,105,116,128,137,141,140,137,128,120,111,99,89,83,71,65,62,58,51,46,44,44,45,45,46,52,54,59,59,62,64,72,77,81,85,83,81,77,75,68,61,53,47,38,30,26,22,20,17,15,17,15,
27,24,21,19,22,18,20,20,20,23,29,42,57,70,84,91,94,96,104,106,103,97,90,87,83,83,76,68,65,58,55,54,53,57,62,67,73,79,89,104,118,130,140,144,144,139,131,120,111,102,88,78,70,63,57,49,43,42,43,36,35,35,34,35,40,42,47,49,55,57,64,76,78,81,81,78,81,73,64,57,50,39,36,26,23,19,19,16,17,17,
25,25,21,22,21,20,22,21,21,25,33,45,61,76,87,97,100,101,104,98,89,82,74,74,70,60,53,44,42,37,38,40,44,45,51,58,67,77,85,102,121,135,144,150,148,143,134,126,115,101,86,71,66,58,49,42,45,42,40,31,28,27,25,21,27,37,38,44,46,45,53,63,71,78,78,80,79,76,68,59,53,46,38,30,24,21,19,17,18,16,
25,24,22,24,19,21,22,20,23,24,35,47,66,83,96,101,105,101,96,83,67,63,61,55,47,37,37,32,22,21,25,32,40,44,46,52,65,73,84,103,122,141,152,156,154,150,144,132,114,100,84,71,61,51,44,44,45,41,35,27,25,20,15,18,23,33,37,40,41,40,46,54,61,68,76,80,80,79,71,63,55,47,39,32,25,21,20,17,18,16,
27,25,24,24,22,22,22,19,23,26,39,51,70,88,98,106,105,98,88,71,59,51,43,43,40,36,31,21,18,16,21,30,37,41,46,52,63,72,83,104,129,146,158,165,161,154,146,133,115,101,85,71,59,49,46,45,45,41,42,40,32,20,20,22,33,42,39,43,39,38,42,50,62,65,73,77,79,80,76,65,59,49,39,32,26,23,20,18,18,18,
26,25,25,22,23,23,22,20,25,34,40,52,71,89,105,113,106,96,81,64,52,41,40,43,47,37,27,19,17,16,20,32,40,44,44,49,64,83,92,109,131,148,163,168,164,158,147,133,114,100,85,75,60,55,47,49,47,57,63,55,38,31,30,33,48,61,58,58,50,49,52,53,62,68,72,76,80,79,78,73,62,54,41,34,27,24,22,17,19,19,
28,28,26,24,25,24,20,26,27,35,44,56,72,95,109,116,108,99,84,64,54,50,50,60,66,62,42,29,24,25,29,37,51,57,52,55,70,94,113,126,140,153,166,170,168,159,148,134,118,101,86,76,72,62,61,60,65,82,85,86,77,62,57,58,64,73,80,73,72,72,67,68,72,77,79,79,84,82,82,77,68,56,45,36,27,25,22,19,19,18,
29,27,27,25,26,25,22,27,30,39,44,60,76,102,115,118,116,105,94,83,75,71,74,80,88,88,73,59,46,42,45,58,72,74,73,74,91,109,129,139,148,158,167,171,167,159,149,136,120,105,91,87,85,80,81,82,85,98,102,105,100,95,86,86,86,88,93,90,87,87,88,83,84,89,87,91,90,89,85,82,72,60,49,37,31,27,23,20,20,20,
28,27,28,24,26,26,24,28,31,40,49,64,84,106,119,124,124,118,110,104,103,104,104,107,108,115,111,97,86,80,80,86,89,92,97,99,110,123,137,144,154,160,166,170,168,157,146,138,123,107,96,92,90,93,91,98,102,106,110,109,107,103,101,101,101,99,97,100,100,99,101,97,98,99,101,101,98,95,86,84,73,64,50,40,33,27,27,21,21,19,
31,28,29,29,28,26,25,29,30,39,52,66,88,111,120,130,133,131,131,132,130,129,126,127,125,125,124,119,114,109,107,102,97,100,103,107,119,134,146,153,156,160,165,169,166,157,147,140,125,112,102,99,99,102,101,104,104,106,107,106,105,102,100,101,100,99,104,104,104,107,106,108,110,110,110,108,105,102,90,85,74,66,53,41,32,28,27,23,21,21,
27,27,26,26,25,27,28,29,32,39,53,69,90,110,127,135,138,140,146,143,144,146,143,136,131,127,122,116,110,105,99,98,95,96,105,115,130,143,155,158,157,160,164,169,164,158,147,138,125,116,106,105,106,110,111,113,114,113,111,106,107,108,104,102,101,100,102,102,106,110,117,119,121,121,121,116,109,104,94,89,79,68,56,43,37,32,26,23,22,21,
28,27,26,27,23,27,29,31,35,39,55,74,95,116,131,139,143,151,151,154,150,149,149,145,136,131,127,119,114,106,100,98,104,107,117,132,145,155,159,161,159,161,164,167,164,157,148,138,123,116,110,111,113,116,121,128,130,130,126,124,119,116,111,108,108,107,110,115,120,126,128,133,132,127,126,120,113,107,96,89,79,67,56,45,38,31,28,22,24,22,
29,26,27,28,25,27,27,29,35,42,56,76,98,119,133,140,147,155,157,157,155,156,152,147,142,137,132,127,123,117,114,112,123,130,143,156,161,161,164,160,159,161,165,167,165,154,147,137,126,117,114,114,115,120,126,134,138,140,138,139,139,135,133,131,128,128,129,133,139,140,140,141,136,135,129,124,116,108,100,92,83,70,55,47,37,31,27,26,24,22,
32,27,27,26,25,29,28,31,36,43,59,82,100,119,134,141,150,156,160,161,159,158,155,154,151,147,142,137,136,137,138,140,146,156,163,164,163,165,163,161,161,161,166,168,164,158,149,139,129,119,116,117,117,122,127,135,142,146,147,148,149,149,151,148,150,149,150,151,149,148,148,145,141,137,133,126,117,110,101,91,82,72,56,47,38,30,26,24,25,24,
31,30,25,25,25,29,29,31,36,42,64,84,101,122,137,141,151,157,161,161,165,168,166,166,165,161,159,157,157,156,157,160,163,165,166,167,168,164,162,161,159,161,165,166,165,158,149,140,128,121,116,118,119,121,127,133,140,147,150,152,156,157,158,158,159,159,159,156,154,153,151,146,141,137,133,126,118,109,101,92,84,74,58,47,40,33,27,24,25,24,
30,29,25,26,25,28,30,33,36,44,67,87,103,122,134,142,150,158,164,166,171,173,172,173,174,171,168,168,167,166,166,167,166,168,168,169,167,162,163,162,162,161,165,167,165,157,148,141,131,123,118,119,121,124,128,133,141,146,152,153,156,158,161,161,161,161,159,157,155,152,150,145,142,138,133,127,117,109,102,92,85,77,63,49,42,35,28,25,25,25,
30,27,27,25,25,27,30,30,37,50,68,83,105,122,133,145,149,158,163,168,171,175,177,176,176,176,175,174,171,171,170,168,169,170,171,168,165,162,163,163,160,162,166,168,166,156,148,143,132,126,119,120,121,123,128,131,138,145,150,154,155,158,160,161,163,162,159,159,157,153,149,147,141,137,134,126,117,110,103,92,87,78,64,51,42,33,27,26,25,26,
28,27,28,25,27,27,31,32,38,49,70,84,103,124,134,144,152,160,164,168,173,176,178,180,178,177,175,175,172,172,168,170,171,169,171,169,165,161,163,162,160,162,166,170,164,156,148,144,133,128,123,119,119,121,124,128,136,141,148,153,155,157,158,159,163,160,160,158,155,153,150,147,141,136,135,127,116,110,101,92,84,76,63,51,41,34,28,27,25,26,
30,26,26,25,28,31,31,33,38,49,69,86,104,124,135,146,153,160,165,168,172,175,178,179,179,178,177,174,172,170,168,167,169,168,169,166,160,157,159,160,161,163,165,168,164,158,149,143,138,130,125,118,114,116,117,122,130,140,144,149,154,155,155,157,157,158,158,156,154,150,149,146,140,137,135,127,117,109,101,91,87,79,65,54,45,35,29,27,27,26,
28,26,26,27,30,32,32,31,38,49,68,83,106,124,134,146,151,158,164,168,171,175,177,178,179,178,178,177,174,170,167,165,162,164,160,156,155,155,156,158,161,163,166,169,166,160,151,144,138,131,124,115,110,108,109,114,117,127,135,141,148,152,153,156,157,157,156,155,152,149,147,144,141,137,134,124,115,107,105,96,87,79,63,53,42,37,30,28,26,27,
29,28,28,26,28,30,33,33,38,53,68,83,101,123,136,144,153,159,165,166,169,173,174,177,179,178,176,175,173,168,163,159,155,149,146,145,147,152,155,157,161,163,166,170,164,159,150,144,137,132,122,114,111,110,105,103,108,110,120,129,138,145,149,150,152,153,153,153,151,149,146,144,140,137,131,124,113,108,105,99,87,80,64,52,38,33,28,28,28,26,
29,24,28,28,31,30,33,33,39,53,69,83,99,121,135,144,151,159,164,166,169,169,171,173,175,174,173,170,165,162,154,147,139,134,125,135,143,152,156,158,160,161,165,167,163,157,149,144,137,130,120,114,114,115,109,99,98,105,109,116,124,134,139,145,146,148,148,148,148,146,145,144,140,134,128,122,113,108,107,97,87,77,64,49,38,33,28,28,26,26,
28,27,26,30,28,30,32,32,40,55,67,84,95,120,135,145,151,157,161,164,166,167,169,170,170,169,167,161,154,148,138,130,120,114,115,130,144,152,156,156,157,159,162,165,162,152,148,142,135,130,120,114,114,113,111,101,93,93,96,105,113,121,130,135,140,143,145,146,144,141,141,139,138,131,127,119,111,106,104,96,86,77,57,49,37,33,28,26,26,24,
30,26,25,30,30,28,30,35,39,54,65,82,94,117,135,143,148,153,159,163,163,165,166,164,165,160,157,152,144,136,122,112,102,99,104,122,140,149,152,153,149,149,155,158,157,148,142,136,131,124,114,112,111,112,111,102,92,87,89,94,100,110,118,125,130,134,136,138,137,136,136,135,131,126,122,116,110,104,101,95,87,74,57,47,37,31,27,26,25,23,
29,27,26,29,29,26,30,34,36,49,61,78,91,116,132,141,145,149,156,158,161,161,160,158,156,152,149,140,131,119,105,94,87,89,99,119,135,141,142,139,136,139,142,138,140,136,131,126,121,113,106,103,104,102,103,98,86,77,80,87,90,100,109,114,121,127,128,131,130,130,131,130,126,123,119,117,108,101,98,95,83,71,57,48,36,29,25,24,25,23,
32,28,27,30,31,28,30,35,35,45,58,77,89,112,127,137,142,145,151,154,156,154,154,151,150,145,139,129,117,103,89,80,78,87,105,120,130,130,122,117,111,116,126,127,128,123,120,114,107,97,93,87,89,94,93,91,82,75,77,82,84,89,96,103,110,115,119,122,125,125,121,123,120,119,116,115,104,100,98,90,84,70,57,45,34,28,28,25,22,20,
30,28,27,31,30,28,31,33,35,42,57,71,88,107,123,133,138,141,148,149,150,148,148,145,144,137,128,116,105,88,78,78,81,95,111,124,125,118,102,93,94,94,101,106,112,106,104,102,98,90,83,78,78,81,84,84,80,70,76,80,83,85,87,95,102,105,108,113,114,115,114,113,116,113,112,109,102,97,94,89,82,67,54,44,33,29,25,24,21,19,
29,27,28,31,29,31,31,34,33,39,51,66,84,103,120,128,133,136,141,142,144,144,140,138,133,124,113,102,89,78,75,75,87,105,115,125,123,105,90,77,73,78,84,88,93,92,92,92,89,83,74,68,68,75,78,77,77,73,72,81,82,86,85,88,91,96,98,105,105,107,106,111,110,108,109,105,100,95,92,87,78,66,54,42,33,27,23,21,21,18,
30,28,30,28,29,30,30,31,31,37,48,60,82,99,114,126,127,131,135,136,136,136,135,130,125,114,99,89,79,73,68,81,96,111,125,132,125,108,86,71,68,73,79,81,81,82,79,79,77,74,68,69,70,74,77,76,78,76,78,78,83,85,85,81,86,90,89,94,97,98,99,102,103,104,104,101,97,94,88,87,77,63,55,41,30,23,22,19,18,16,
29,28,29,27,27,30,29,28,29,36,46,57,74,91,111,122,124,128,130,130,129,129,126,121,110,99,88,79,73,69,74,88,104,121,133,143,139,123,107,92,85,77,78,77,72,72,74,71,67,67,69,72,74,77,79,80,83,81,83,83,85,87,85,84,78,82,84,87,88,91,93,98,101,99,100,96,93,92,87,85,78,65,54,36,27,23,21,19,16,17,
30,31,29,27,25,29,29,29,29,35,40,49,70,88,106,115,122,124,123,123,125,122,115,108,101,90,78,72,66,68,80,93,111,127,142,149,148,140,130,120,102,92,86,76,73,73,66,63,62,65,68,71,74,77,80,82,82,85,86,87,88,90,90,86,84,77,79,80,83,86,89,95,96,95,96,93,91,89,87,83,77,64,55,34,23,22,23,19,18,17,
31,32,29,27,25,26,28,28,28,35,40,46,63,83,99,115,123,121,119,123,118,115,105,101,94,81,71,65,65,72,83,102,122,132,146,154,159,157,151,140,132,118,106,92,80,72,68,65,64,65,66,71,74,77,82,86,88,89,90,91,90,89,87,86,85,82,77,79,80,80,85,89,90,91,92,92,91,90,85,81,74,61,48,29,25,24,23,18,17,17,
31,31,30,27,27,25,28,27,27,31,35,41,60,76,97,108,120,119,116,115,115,107,103,97,86,73,67,63,65,76,90,109,126,139,148,154,157,158,157,154,145,137,126,113,103,94,85,78,76,73,72,72,76,81,85,87,89,92,92,93,92,88,85,85,84,83,76,77,80,81,85,86,89,88,92,90,91,87,83,78,69,59,45,31,22,21,21,17,17,18,
31,30,30,29,28,25,25,25,25,29,33,40,51,69,90,102,115,118,115,112,111,106,100,91,77,70,66,65,67,77,94,112,125,138,145,150,154,155,153,152,148,142,137,128,116,107,98,92,82,79,76,78,79,82,85,90,90,91,91,91,85,82,77,75,74,78,75,77,77,82,87,85,90,89,90,89,90,88,82,74,68,57,39,27,23,21,21,17,17,18,
32,30,29,27,27,25,22,25,24,26,32,38,45,67,85,94,111,117,114,112,112,104,99,90,79,73,65,68,72,80,94,104,117,128,134,137,137,136,138,141,138,133,130,125,120,112,105,98,92,87,82,79,80,80,85,86,86,83,79,74,70,69,66,62,65,71,74,78,76,83,87,91,91,92,92,89,89,87,81,74,65,56,37,24,22,21,18,17,16,18,
31,30,30,27,26,25,22,24,26,23,28,32,40,58,79,93,109,114,113,112,112,107,102,96,85,78,71,73,78,82,85,90,100,107,111,111,113,112,113,112,112,112,115,114,112,108,99,92,88,86,79,78,79,78,77,79,81,79,76,68,62,57,54,53,57,60,70,76,81,87,91,93,92,94,92,87,89,87,81,71,62,50,34,24,21,18,16,15,16,16,
34,30,29,28,27,27,25,24,23,22,27,31,39,53,69,90,105,114,116,113,115,110,105,96,91,79,77,77,77,77,78,79,83,82,84,87,93,92,90,93,92,89,92,93,94,89,85,79,78,73,75,74,72,74,76,76,73,70,67,59,51,45,47,50,52,61,67,73,86,92,95,92,97,96,94,90,87,85,77,68,60,44,31,23,21,18,16,14,16,17,
33,30,29,29,27,25,24,24,23,25,26,26,37,45,64,82,99,114,115,116,116,117,109,103,94,86,85,80,77,71,67,63,64,64,68,69,75,77,77,83,84,80,81,85,84,79,73,71,72,76,73,71,71,71,70,69,70,65,60,50,41,42,42,45,53,64,69,76,92,97,96,97,98,96,93,90,85,82,76,66,55,38,29,21,19,16,16,15,16,16,
33,31,28,29,25,25,26,27,24,26,24,30,33,41,60,73,92,111,116,116,117,118,115,110,107,98,95,88,83,79,72,62,54,50,57,62,70,77,79,80,83,85,84,86,87,83,78,77,76,83,81,78,79,82,84,71,64,64,54,47,40,41,43,48,54,70,78,83,95,100,100,100,97,94,92,89,85,84,73,66,51,37,24,21,20,17,17,15,15,15,
34,31,29,29,28,24,24,24,24,23,24,27,30,38,54,68,88,105,112,116,117,118,118,118,114,108,105,99,95,89,81,71,60,55,59,69,75,88,98,97,102,106,103,102,103,105,96,95,98,96,95,95,90,91,88,76,72,64,58,50,50,44,45,51,64,78,85,90,96,103,101,101,98,93,90,88,85,80,70,61,45,35,24,21,21,18,15,17,16,17,
36,30,28,31,28,28,27,24,24,27,23,28,29,31,44,65,81,98,113,116,118,120,121,122,121,116,115,111,106,103,104,93,79,71,71,84,93,105,112,114,117,124,121,121,120,114,116,109,113,106,106,98,90,88,80,75,75,69,64,61,55,56,59,66,83,90,92,95,101,102,102,101,95,92,89,86,83,77,70,56,38,29,25,20,19,18,15,16,15,16,
35,32,30,29,29,28,28,24,25,26,22,28,29,31,39,55,69,89,108,114,117,122,123,122,121,123,122,121,117,117,119,111,107,98,98,101,102,113,120,121,124,129,128,128,126,119,115,117,113,111,105,97,95,91,83,82,80,76,71,64,60,62,71,81,91,96,96,98,103,103,102,100,94,91,87,86,80,74,64,50,38,26,21,20,17,17,15,15,16,16,
34,32,29,29,30,26,27,25,26,26,22,27,27,30,37,47,63,80,101,113,116,122,121,124,125,125,125,124,124,127,131,127,124,123,117,122,118,120,124,126,125,123,125,130,129,125,119,120,118,115,110,106,99,98,94,88,84,78,74,69,75,85,90,92,97,100,100,101,102,103,103,98,93,89,88,81,76,69,58,46,35,25,21,20,19,17,17,16,16,18,
35,33,31,30,30,27,26,26,25,24,23,25,27,28,34,40,56,74,89,105,113,120,122,122,124,127,129,126,130,133,138,140,138,131,129,130,127,129,130,130,132,131,126,129,125,123,120,119,116,115,114,109,102,96,93,93,85,80,85,87,88,96,99,98,102,104,106,103,102,101,100,96,89,87,84,80,72,65,50,38,30,22,22,19,17,16,17,17,17,17,
36,32,31,28,30,27,25,25,26,24,23,24,26,27,31,37,47,63,77,98,110,114,118,122,124,128,131,129,130,137,140,144,146,143,138,134,132,129,131,132,131,132,129,127,125,118,118,114,112,112,106,105,99,93,93,92,92,91,95,99,99,104,106,104,109,106,107,101,102,99,97,93,88,86,82,77,67,57,43,33,27,22,21,19,17,16,16,18,18,18,
34,32,32,30,30,27,25,26,25,22,23,25,24,26,27,33,41,53,67,85,102,109,113,120,124,127,130,133,134,139,144,146,145,146,142,137,132,129,129,127,126,127,126,122,121,117,111,108,104,105,102,97,98,99,103,102,104,101,103,105,107,109,108,108,111,109,104,104,102,99,97,91,88,84,80,67,63,46,34,29,22,22,19,19,17,15,15,17,18,18,
35,32,29,29,30,27,23,24,27,22,22,24,25,28,24,29,35,40,58,73,92,107,109,112,120,125,128,132,136,141,145,145,149,147,145,141,136,132,128,123,120,121,120,120,115,113,111,109,104,99,97,96,101,104,105,107,107,106,106,108,110,112,111,112,113,106,104,103,101,98,95,89,83,81,76,64,55,38,29,25,23,21,19,19,17,16,16,18,17,17,
35,31,29,32,28,26,24,25,26,24,23,22,24,28,25,27,32,38,47,60,79,95,107,108,115,122,126,130,135,141,143,147,149,148,146,140,139,136,131,127,127,122,120,114,113,110,105,103,104,98,100,100,105,104,106,105,104,107,107,109,110,112,112,111,110,107,105,103,101,98,91,85,82,77,69,59,46,33,24,23,21,21,21,19,18,16,16,17,18,18,
32,33,32,29,29,27,25,24,25,25,23,21,21,22,25,25,28,32,40,49,65,84,98,105,113,118,123,129,132,141,142,147,149,148,147,144,139,133,128,125,124,118,116,112,108,103,99,99,99,100,99,98,98,101,99,101,105,108,108,112,110,112,110,111,107,106,105,102,99,97,90,84,79,74,67,52,39,28,22,18,20,20,19,16,16,17,17,17,20,20,
34,34,33,30,26,27,25,25,25,24,25,22,21,21,23,23,24,29,33,41,54,71,86,101,110,114,120,124,131,137,143,146,151,150,150,147,139,134,128,123,120,115,110,106,104,102,99,98,96,97,96,95,96,102,102,104,106,109,112,111,111,109,111,110,108,107,103,99,95,91,88,81,75,70,62,45,33,25,20,19,15,19,17,16,18,16,18,18,20,21,
35,33,31,30,30,26,26,25,25,24,24,23,22,21,21,26,24,26,31,36,43,53,74,92,100,109,114,124,130,133,140,145,151,152,152,148,145,138,131,130,124,120,114,107,104,99,100,100,99,101,102,101,100,103,106,108,112,114,115,114,112,112,111,110,107,105,102,98,91,87,85,79,70,65,54,37,27,26,20,20,18,19,17,17,18,19,19,17,17,19,
33,35,32,32,30,30,29,26,24,25,25,24,24,22,19,22,25,24,28,30,37,46,61,76,94,103,109,118,126,133,137,145,149,151,152,151,148,143,136,135,131,127,120,115,109,106,105,104,101,102,101,101,102,103,106,112,113,117,115,116,113,114,110,107,108,104,98,95,92,88,81,74,68,61,49,35,27,22,20,19,18,16,16,17,18,21,20,20,19,20,
36,35,33,32,31,32,31,30,26,23,24,24,24,21,20,20,25,24,26,29,31,40,51,67,77,93,105,111,119,129,133,142,147,152,153,152,153,149,144,140,133,132,130,123,118,115,113,110,109,107,107,109,109,108,110,113,115,117,116,111,112,113,109,107,106,102,95,94,88,84,77,72,62,53,45,31,27,22,19,19,18,15,15,16,19,19,20,20,18,20,
35,35,33,32,31,31,29,30,27,26,27,24,23,22,21,19,20,25,23,25,28,33,41,54,69,79,98,107,115,123,132,138,143,148,152,154,153,153,149,147,144,140,133,131,128,126,123,121,116,117,115,116,115,116,117,117,115,114,112,112,114,111,109,106,105,97,94,90,86,77,74,68,57,49,38,31,23,19,19,19,17,16,16,16,19,20,20,20,19,21,
34,37,34,33,31,30,31,29,25,27,25,24,24,22,20,20,20,20,23,23,28,31,37,43,57,74,84,96,106,118,125,132,137,145,148,152,154,152,151,151,149,146,144,141,138,135,132,129,125,127,125,125,121,119,119,116,115,113,115,115,113,108,105,104,100,96,92,87,80,75,71,61,53,43,37,28,22,21,18,17,16,15,17,18,20,19,19,20,20,22,
36,35,34,33,33,30,31,29,27,27,26,24,22,21,20,20,19,20,20,23,23,29,29,39,48,60,78,83,95,107,115,127,130,135,142,147,151,152,150,151,151,148,148,146,145,143,141,136,136,132,129,128,125,122,124,123,121,121,118,114,113,107,102,100,97,93,87,82,77,72,65,55,49,43,35,27,22,20,19,16,16,16,18,18,18,18,17,18,18,21,
36,36,36,34,33,33,31,29,26,29,26,24,24,23,21,20,20,21,19,18,22,24,29,32,38,48,71,78,83,96,108,118,127,132,134,141,146,151,151,152,150,149,146,145,143,143,140,138,139,137,133,131,128,126,124,125,123,120,115,112,109,103,100,96,91,86,81,79,73,68,58,54,48,42,34,26,21,21,18,16,16,17,19,17,18,19,18,18,20,21,
37,36,36,35,35,33,31,30,30,29,26,26,23,21,20,21,19,21,20,19,23,25,26,28,36,40,54,74,80,87,97,108,117,126,129,132,140,146,148,147,146,146,146,143,141,142,137,137,133,131,128,128,125,125,124,121,119,115,111,107,102,100,95,92,86,82,78,74,68,63,56,52,45,39,31,26,23,20,19,16,17,16,17,17,20,19,16,16,19,21,
37,36,38,37,37,35,31,29,29,29,26,26,23,21,18,20,22,22,19,20,21,22,26,27,31,38,49,65,77,83,87,98,107,114,121,126,130,137,138,141,139,140,140,138,138,137,132,131,128,127,125,121,121,121,119,117,114,114,106,102,98,94,90,86,82,79,74,68,65,61,58,51,44,36,30,26,24,20,18,18,17,17,17,17,20,19,16,16,18,21,

